500 -805
1000 800
92
2 7.80887 1 608.51 0 0 1
2 7.62887 1 780.04 0 0 1
2 7.82854 -1 812.474 0 0 1
1 8.13744 -1 765.456 0 0 1
2 7.95005 1 736.335 0 0 1
1 8.09308 1 659.883 0 0 1
1 7.94987 -1 782.265 0 0 1
1 7.69272 -1 881.634 0 0 1
1 8.40316 1 624.262 0 0 1
1 7.76288 1 601.61 0 0 1
2 7.80147 -1 880.355 0 0 1
1 7.80358 -1 731.705 0 0 1
2 7.90351 -1 733.032 0 0 1
2 7.58259 1 664.199 0 0 1
2 8.20255 -1 778.415 0 0 1
1 8.32644 -1 857.085 0 0 1
1 7.87484 -1 742.918 0 0 1
1 7.89398 -1 682.722 0 0 1
1 7.62153 -1 827.569 0 0 1
1 7.67188 -1 779.832 0 0 1
1 8.29434 -1 798.479 0 0 1
1 7.69774 -1 796.565 0 0 1
1 7.97582 -1 690.033 0 0 1
1 0 1 0 0 0 1
1 0 1 0 0 0 1
1 0 1 0 0 0 1
1 0 1 0 0 0 1
1 0 1 0 0 0 1
1 0 1 0 0 0 1
1 0 1 0 0 0 1
1 0 1 0 0 0 1
1 0 1 0 0 0 1
1 0 1 0 0 0 1
1 0 1 0 0 0 1
1 0 1 0 0 0 1
1 0 1 0 0 0 1
1 0 1 0 0 0 1
1 0 1 0 0 0 1
1 0 1 0 0 0 1
1 0 1 0 0 0 1
1 0 1 0 0 0 1
1 0 1 0 0 0 1
1 0 1 0 0 0 1
1 0 1 0 0 0 1
1 0 1 0 0 0 1
1 0 1 0 0 0 1
1 0 1 0 0 0 1
1 0 1 0 0 0 1
1 0 1 0 0 0 1
1 0 1 0 0 0 1
1 0 1 0 0 0 1
1 0 1 0 0 0 1
1 0 1 0 0 0 1
1 0 1 0 0 0 1
1 0 1 0 0 0 1
1 0 1 0 0 0 1
1 0 1 0 0 0 1
1 0 1 0 0 0 1
1 0 1 0 0 0 1
1 0 1 0 0 0 1
1 0 1 0 0 0 1
1 0 1 0 0 0 1
1 0 1 0 0 0 1
1 0 1 0 0 0 1
1 0 1 0 0 0 1
1 0 1 0 0 0 1
1 0 1 0 0 0 1
1 0 1 0 0 0 1
1 0 1 0 0 0 1
1 0 1 0 0 0 1
1 0 1 0 0 0 1
1 0 1 0 0 0 1
1 0 1 0 0 0 1
1 0 1 0 0 0 1
1 0 1 0 0 0 1
1 0 1 0 0 0 1
1 0 1 0 0 0 1
1 0 1 0 0 0 1
1 0 1 0 0 0 1
1 0 1 0 0 0 1
1 0 1 0 0 0 1
1 0 1 0 0 0 1
1 0 1 0 0 0 1
1 0 1 0 0 0 1
1 0 1 0 0 0 1
1 0 1 0 0 0 1
1 0 1 0 0 0 1
1 0 1 0 0 0 1
1 0 1 0 0 0 1
1 0 1 0 0 0 1
1 0 1 0 0 0 1
1 0 1 0 0 0 1
31
birds 
689.181091 -5330.000000 7.808869 1
birds2 
929.955200 -5280.000000 8.139969 1
dinosaurs 
558.907715 -5066.000000 7.628874 1
birds 
838.309937 -5016.000000 8.041435 1
dinosaurs 
681.000671 -4802.000000 7.828542 -1
birds 
119.374725 -4752.000000 8.440644 -1
birds 
344.691162 -4538.000000 8.137444 -1
dinosaurs 
789.055359 -4274.000000 7.950047 1
birds 
128.153137 -4224.000000 8.410208 1
birds 
884.145508 -4010.000000 8.093076 1
dinosaurs 
605.204834 -3746.000000 7.949866 -1
dinosaurs 
762.681274 -3482.000000 7.692722 -1
birds 
119.644249 -3218.000000 8.403161 1
birds2 
654.081909 -2954.000000 7.762885 1
birds 
611.736084 -2690.000000 7.801466 -1
birds2 
754.294434 -2640.000000 8.362703 -1
birds2 
18.569790 -2426.000000 7.803576 -1
birds 
520.307312 -2162.000000 7.903509 -1
birds2 
701.829224 -2112.000000 8.439015 -1
dinosaurs 
525.198486 -1898.000000 7.582591 1
birds 
26.848768 -1848.000000 8.282923 1
dinosaurs 
438.238007 -1634.000000 8.202550 -1
birds 
734.184753 -1584.000000 7.614292 -1
dinosaurs 
347.171021 -1370.000000 8.326437 -1
birds2 
-21.478859 -1106.000000 7.874835 -1
birds2 
-47.535648 -842.000000 7.893978 -1
birds2 
154.740082 -578.000000 7.621535 -1
birds 
694.156250 -314.000000 7.671881 -1
birds 
241.688202 -50.000000 8.294338 -1
birds 
654.787598 214.000000 7.697735 -1
birds 
476.450195 478.000000 7.975824 -1
104
right_7 266 -5123
right_7 1064 -5123
right_6 133 -5123
right_3 665 -5123
right_5 798 -5123
right_1 665 -4859
right_5 266 -4859
right_5 931 -4859
right_7 532 -4859
right_6 665 -4595
right_1 931 -4595
right_7 1064 -4595
right_7 798 -4595
right_3 133 -4595
right_2 532 -4331
right_4 931 -4331
right_1 266 -4331
right_7 133 -4331
right_1 665 -4331
right_6 798 -4067
right_1 133 -4067
right_5 665 -4067
right_4 266 -4067
right_3 399 -4067
right_2 266 -3803
right_7 133 -3803
right_7 1064 -3803
right_3 665 -3803
right_3 665 -3539
right_5 399 -3539
right_3 133 -3539
right_7 1064 -3539
right_4 532 -3539
right_6 532 -3275
right_7 798 -3275
right_2 266 -3275
right_6 399 -3275
right_3 133 -3275
right_3 1064 -3011
right_3 665 -3011
right_3 266 -3011
right_2 399 -3011
right_2 532 -2747
right_2 133 -2747
right_1 1064 -2747
right_5 665 -2747
right_3 266 -2747
right_3 266 -2483
right_1 399 -2483
right_3 532 -2483
right_5 665 -2483
right_2 266 -2219
right_7 1064 -2219
right_5 931 -2219
right_5 798 -2219
right_4 133 -2219
right_4 931 -1955
right_2 266 -1955
right_7 133 -1955
right_2 665 -1955
right_6 798 -1691
right_6 399 -1691
right_3 931 -1691
right_2 266 -1691
right_2 133 -1427
right_2 798 -1427
right_1 266 -1427
right_6 1064 -1427
right_2 798 -1163
right_5 1064 -1163
right_3 399 -1163
right_5 266 -1163
right_5 931 -899
right_2 399 -899
right_3 798 -899
right_6 266 -899
right_1 665 -635
right_7 798 -635
right_3 931 -635
right_4 133 -635
right_4 1064 -635
right_4 798 -371
right_2 532 -371
right_1 665 -371
right_4 133 -371
right_5 665 -107
right_5 931 -107
right_4 532 -107
right_6 133 -107
right_7 133 157
right_4 532 157
right_6 266 157
right_4 665 157
right_5 931 157
right_4 798 421
right_1 399 421
right_7 266 421
right_1 133 421
right_3 665 421
right_5 399 685
right_5 798 685
right_7 1064 685
right_4 532 685
right_7 931 685
23-5305 -5041 -4777 -4513 -4249 -3985 -3721 -3457 -3193 -2929 -2665 -2401 -2137 -1873 -1609 -1345 -1081 -817 -553 -289 -25 239 503 
378 -629